64 25
13 7 8 2 25 1 21 21 15 17 18 11 3 10 16 4 9 22 12 6 20 24 23 5 14 
15 17 1 21 19 16 18 11 3 10 22 12 9 4 6 20 23 24 5 14 7 2 13 25 8 
23 20 14 24 5 8 2 25 13 7 21 19 15 17 1 10 3 18 11 16 4 22 9 12 6 
9 4 6 22 12 14 24 5 23 20 2 25 13 7 8 17 15 21 19 1 10 18 3 11 16 
3 10 16 18 11 6 22 12 9 4 24 5 23 20 14 7 13 2 25 8 17 21 15 19 1 
25 15 17 1 21 10 16 18 19 3 6 22 11 9 4 23 12 14 24 20 13 8 5 2 7 
11 9 4 6 22 20 14 24 12 23 8 2 5 13 7 15 25 1 21 17 3 16 19 18 10 
19 3 10 16 18 4 6 22 11 9 14 24 12 23 20 13 5 8 2 7 15 1 25 21 17 
12 23 20 14 24 7 8 2 5 13 1 21 25 15 17 3 19 16 18 10 9 6 11 22 4 
5 13 7 8 2 17 1 21 25 15 16 18 19 3 10 9 11 6 22 4 23 14 12 24 20 
18 11 9 4 6 23 20 14 22 12 7 8 24 5 13 25 2 17 1 15 19 10 21 16 3 
24 5 13 7 8 15 17 1 2 25 10 16 21 19 3 11 18 4 6 9 12 20 22 14 23 
22 12 23 20 14 13 7 8 24 5 17 1 2 25 15 19 21 10 16 3 11 4 18 6 9 
21 19 3 10 16 9 4 6 18 11 20 14 22 12 23 5 24 7 8 13 25 17 2 1 15 
2 25 15 17 1 3 10 16 21 19 4 6 18 11 9 12 22 20 14 23 5 7 24 8 13 
6 22 12 23 20 5 13 7 14 24 15 17 8 2 25 21 1 3 10 19 18 9 16 4 11 
8 2 25 15 17 19 3 10 1 21 9 4 16 18 11 22 6 23 20 12 24 13 14 7 5 
14 24 5 13 7 25 15 17 8 2 3 10 1 21 19 18 16 9 4 11 22 23 6 20 12 
16 18 11 9 4 12 23 20 6 22 13 7 14 24 5 2 8 15 17 25 21 3 1 10 19 
1 21 19 3 10 11 9 4 16 18 23 20 6 22 12 24 14 13 7 5 2 15 8 17 25 
10 16 18 11 9 22 12 23 4 6 5 13 20 14 24 8 7 25 15 2 1 19 17 3 21 
17 1 21 19 3 18 11 9 10 16 12 23 4 6 22 14 20 5 13 24 8 25 7 15 2 
7 8 2 25 15 21 19 3 17 1 11 9 10 16 18 6 4 12 23 22 14 5 20 13 24 
20 14 24 5 13 2 25 15 7 8 19 3 17 1 21 16 10 11 9 18 6 12 4 23 22 
4 6 22 12 23 24 5 13 20 14 25 15 7 8 2 1 17 19 3 21 16 11 10 9 18 
